start=1719.875000
volume=95.000000
