start=849.167000
volume=106.000000
aid=2
sid=no
sub-scale=0.900000
video-aspect-override=1.777778
