start=1278.477200
speed=1.700000
