start=5767.600000
speed=1.600000
